0 1
0 2
0 3
0 4
0 5
0 6
0 7
0 8
0 9
0 10
0 11
0 13
0 14
0 18
0 28
0 29
0 35
0 38
0 47
0 50
0 51
0 52
0 54
0 55
0 61
0 63
0 66
0 68
0 75
0 76
0 82
0 85
0 91
0 95
0 96
0 101
0 111
0 112
0 121
0 125
0 130
0 134
0 135
0 140
0 156
0 205
0 211
0 227
0 228
0 230
0 236
0 237
0 255
0 267
0 273
0 287
0 291
0 345
0 347
0 353
0 364
0 366
0 376
0 453
0 466
0 471
0 474
0 478
0 506
0 514
0 523
0 527
0 532
0 536
0 539
0 553
0 559
0 563
0 573
0 581
0 602
0 612
0 623
0 628
0 641
0 643
0 666
0 683
0 691
0 731
0 732
0 737
0 755
0 761
0 767
0 769
0 771
0 799
0 807
0 810
0 818
0 828
0 849
0 854
0 856
0 865
0 866
0 875
0 878
0 880
0 924
0 930
0 937
0 940
0 941
0 952
0 954
0 955
0 956
0 1054
0 1062
0 1063
0 1068
0 1070
0 1084
0 1098
0 1109
0 1110
0 1118
0 1121
0 1132
0 1141
0 1142
0 1143
0 1144
0 1145
0 1179
0 1189
0 1192
0 1196
0 1208
0 1219
0 1230
0 1232
0 1255
0 1257
0 1262
0 1272
0 1291
0 1296
0 1298
0 1374
0 1386
0 1391
0 1404
0 1416
0 1433
0 1450
1 3
1 4
1 6
1 7
1 8
1 11
1 13
1 28
1 29
1 35
1 47
1 63
1 95
1 101
1 125
1 126
1 164
1 165
1 166
1 189
1 200
1 245
1 260
1 267
1 289
1 347
1 359
1 366
1 368
1 378
1 380
1 381
1 396
1 425
1 453
1 478
1 538
1 541
1 560
1 572
1 612
1 617
1 619
1 643
1 755
2 4
2 5
2 35
2 95
2 116
2 268
2 349
2 490
2 604
2 863
3 7
3 8
3 9
3 10
3 11
3 29
3 35
3 47
3 63
3 95
3 125
3 136
3 178
3 230
3 298
3 299
3 300
3 301
3 302
3 334
3 366
3 376
3 478
3 733
3 755
4 5
4 6
4 7
4 8
4 10
4 11
4 13
4 28
4 35
4 47
4 50
4 51
4 53
4 55
4 61
4 63
4 82
4 95
4 98
4 101
4 117
4 121
4 125
4 136
4 140
4 151
4 179
4 190
4 212
4 221
4 229
4 230
4 236
4 261
4 267
4 268
4 275
4 287
4 347
4 353
4 357
4 361
4 366
4 376
4 377
4 379
4 391
4 396
4 410
4 425
4 437
4 453
4 478
4 486
4 514
4 522
4 532
4 545
4 547
4 560
4 572
4 574
4 575
4 604
4 609
4 611
4 612
4 641
4 643
4 664
4 688
4 719
4 720
4 721
4 732
4 755
4 760
4 769
4 799
4 852
5 7
5 8
5 10
5 11
5 25
5 28
5 35
5 38
5 47
5 55
5 61
5 63
5 76
5 82
5 92
5 95
5 103
5 112
5 125
5 133
5 136
5 200
5 228
5 230
5 236
5 261
5 267
5 291
5 306
5 333
5 344
5 347
5 350
5 355
5 357
5 366
5 376
5 377
5 386
5 391
5 414
5 453
5 463
5 478
5 491
5 508
5 521
5 532
5 545
5 566
5 579
5 580
5 590
5 596
5 598
5 601
5 615
5 625
5 628
5 643
5 644
5 665
5 736
5 754
5 755
5 761
5 771
5 772
5 780
5 792
5 793
5 794
5 795
5 797
5 800
5 809
5 825
5 848
5 851
5 852
5 861
5 872
5 874
5 882
5 909
5 911
5 913
5 919
5 921
5 925
5 937
5 943
5 945
5 950
5 960
5 1026
5 1031
5 1041
5 1042
5 1056
5 1059
5 1073
5 1074
5 1078
5 1083
5 1085
5 1102
5 1103
5 1104
5 1109
5 1111
5 1112
5 1115
5 1118
5 1128
5 1131
5 1134
5 1138
5 1141
5 1146
5 1151
5 1154
5 1159
5 1167
5 1169
5 1174
5 1175
5 1176
5 1182
5 1183
5 1191
5 1195
5 1200
5 1209
5 1211
5 1215
5 1221
5 1223
5 1224
5 1233
5 1238
5 1239
5 1241
5 1244
5 1249
5 1261
5 1263
5 1266
5 1270
5 1271
5 1273
5 1276
5 1277
5 1279
5 1280
5 1287
5 1288
5 1289
5 1297
5 1303
5 1305
5 1306
5 1307
5 1321
5 1323
5 1324
5 1329
5 1330
5 1331
5 1335
5 1342
5 1344
5 1360
5 1363
5 1364
5 1368
5 1370
5 1379
5 1380
5 1383
5 1384
5 1387
5 1390
5 1394
5 1401
5 1402
5 1409
5 1413
5 1426
5 1433
5 1440
5 1443
5 1448
5 1449
5 1451
5 1461
6 7
6 8
6 9
6 10
6 11
6 13
6 35
6 47
6 52
6 55
6 63
6 95
6 116
6 136
6 223
6 230
6 236
6 267
6 347
6 376
6 396
6 420
6 421
6 422
6 425
6 429
6 434
6 438
6 439
6 440
6 442
6 444
6 446
6 447
6 448
6 453
6 460
6 512
6 532
6 545
6 575
6 612
6 643
6 645
6 646
6 652
6 653
6 654
6 655
6 657
6 719
6 889
6 891
7 8
7 10
7 11
7 13
7 22
7 28
7 29
7 35
7 47
7 53
7 55
7 60
7 63
7 79
7 82
7 94
7 95
7 98
7 101
7 125
7 126
7 136
7 151
7 190
7 200
7 212
7 227
7 230
7 236
7 267
7 268
7 275
7 287
7 291
7 347
7 353
7 357
7 361
7 366
7 376
7 379
7 391
7 395
7 410
7 425
7 435
7 437
7 453
7 461
7 478
7 512
7 514
7 518
7 520
7 522
7 531
7 532
7 545
7 547
7 560
7 575
7 576
7 578
7 589
7 604
7 609
7 617
7 628
7 643
7 676
7 688
7 719
7 721
7 733
7 755
7 769
7 773
7 799
7 802
7 852
7 914
7 916
7 919
7 921
7 948
7 1062
7 1065
7 1153
7 1172
7 1181
7 1214
7 1222
7 1226
7 1229
7 1235
7 1240
7 1248
7 1281
7 1350
7 1361
7 1378
7 1381
8 9
8 10
8 11
8 13
8 14
8 15
8 17
8 22
8 28
8 32
8 33
8 35
8 37
8 42
8 47
8 50
8 59
8 61
8 63
8 64
8 65
8 70
8 74
8 82
8 95
8 98
8 99
8 101
8 110
8 121
8 123
8 125
8 129
8 132
8 136
8 139
8 140
8 144
8 146
8 151
8 160
8 168
8 169
8 177
8 179
8 188
8 190
8 194
8 200
8 212
8 213
8 218
8 221
8 230
8 236
8 267
8 275
8 347
8 353
8 357
8 363
8 366
8 373
8 376
8 379
8 391
8 395
8 431
8 453
8 459
8 478
8 512
8 514
8 526
8 532
8 545
8 547
8 560
8 561
8 562
8 575
8 587
8 609
8 612
8 633
8 643
8 688
8 733
8 735
8 755
8 760
8 769
8 790
8 852
8 896
8 1081
8 1121
8 1442
9 10
9 11
9 13
9 29
9 35
9 47
9 63
9 95
9 126
9 200
9 232
9 281
9 286
9 410
9 453
10 11
10 13
10 25
10 28
10 29
10 31
10 35
10 38
10 47
10 61
10 63
10 80
10 82
10 87
10 95
10 101
10 117
10 121
10 125
10 126
10 136
10 140
10 146
10 147
10 159
10 161
10 185
10 200
10 202
10 203
10 211
10 215
10 227
10 228
10 229
10 230
10 236
10 248
10 254
10 267
10 291
10 307
10 347
10 350
10 352
10 356
10 361
10 362
10 366
10 376
10 405
10 408
10 410
10 412
10 418
10 425
10 437
10 449
10 453
10 457
10 463
10 478
10 485
10 506
10 512
10 513
10 514
10 521
10 536
10 545
10 559
10 563
10 566
10 567
10 572
10 575
10 597
10 599
10 601
10 602
10 605
10 610
10 612
10 613
10 614
10 616
10 622
10 627
10 628
10 629
10 633
10 636
10 640
10 641
10 643
10 647
10 709
10 717
10 722
10 723
10 724
10 725
10 737
10 740
10 742
10 752
10 755
10 762
10 763
10 764
10 765
10 766
10 775
10 777
10 785
10 797
10 799
10 803
10 809
10 810
10 812
10 825
10 864
10 867
10 911
10 920
10 924
10 927
10 935
10 937
10 943
10 945
10 948
10 950
10 951
10 958
10 1018
10 1045
10 1058
10 1062
10 1065
10 1077
10 1085
10 1089
10 1090
10 1096
10 1097
10 1098
10 1099
10 1100
10 1101
10 1108
10 1109
10 1110
10 1115
10 1116
10 1117
10 1131
10 1132
10 1134
10 1141
10 1171
10 1176
10 1177
10 1181
10 1186
10 1188
10 1190
10 1192
10 1210
10 1224
10 1232
10 1237
10 1275
10 1288
10 1333
10 1337
10 1339
10 1345
10 1347
10 1352
10 1353
10 1366
10 1368
10 1370
10 1371
10 1376
10 1382
10 1390
10 1402
10 1408
10 1410
10 1430
10 1445
10 1453
10 1460
10 1463
11 13
11 17
11 22
11 29
11 35
11 42
11 47
11 55
11 63
11 71
11 97
11 101
11 117
11 121
11 124
11 125
11 136
11 140
11 151
11 159
11 163
11 188
11 194
11 195
11 200
11 203
11 227
11 228
11 229
11 230
11 236
11 239
11 267
11 268
11 271
11 276
11 279
11 280
11 291
11 347
11 353
11 356
11 366
11 376
11 391
11 405
11 425
11 436
11 437
11 453
11 478
11 484
11 506
11 508
11 513
11 532
11 536
11 559
11 560
11 574
11 575
11 578
11 580
11 585
11 594
11 609
11 610
11 617
11 625
11 628
11 632
11 635
11 636
11 643
11 647
11 662
11 671
11 674
11 705
11 733
11 739
11 755
11 768
11 772
11 778
11 799
11 804
11 825
11 851
11 856
11 890
11 913
11 921
11 937
11 943
11 944
11 948
11 950
11 960
11 1041
11 1044
11 1065
11 1085
11 1093
11 1109
11 1115
11 1116
11 1123
11 1131
11 1138
11 1147
11 1155
11 1160
11 1169
11 1180
11 1182
11 1183
11 1188
11 1189
11 1200
11 1202
11 1211
11 1212
11 1218
11 1223
11 1232
11 1233
11 1237
11 1238
11 1241
11 1246
11 1258
11 1261
11 1305
11 1308
11 1323
11 1324
11 1325
11 1339
11 1376
11 1395
11 1409
11 1423
11 1453
11 1455
11 1457
12 13
13 151
13 230
13 388
13 515
13 634
13 733
13 856
13 1159
13 1348
14 15
15 17
15 23
15 24
15 25
15 26
15 28
15 30
15 32
15 36
15 39
15 42
15 44
15 46
15 48
15 59
15 63
15 66
15 73
15 75
15 80
15 85
15 88
15 94
15 98
15 99
15 100
15 102
15 123
15 131
15 132
15 137
15 139
15 144
15 145
15 160
15 179
15 188
15 212
15 213
15 218
15 262
15 264
15 269
15 280
15 297
15 336
15 344
15 410
15 454
15 463
15 480
15 524
15 526
15 556
15 573
15 588
15 593
15 621
15 626
15 714
15 738
15 758
15 760
15 860
15 862
15 877
15 884
15 896
15 1087
15 1121
15 1125
15 1216
15 1234
15 1319
16 17
17 32
17 49
17 67
17 71
17 104
17 105
17 172
17 408
17 750
17 877
19 20
20 82
20 108
20 165
20 222
21 22
21 23
22 173
22 734
22 869
22 876
23 173
23 607
23 869
24 25
25 35
25 95
25 264
25 621
25 626
27 28
27 29
27 138
28 29
28 40
28 57
28 68
28 89
28 90
28 96
28 99
28 106
28 113
28 128
28 171
28 174
28 191
28 195
28 201
28 216
28 283
28 310
28 311
28 312
28 317
28 318
28 330
28 672
28 745
28 916
29 40
29 63
29 744
30 31
30 32
31 35
31 44
31 64
31 220
31 624
31 735
31 931
31 1169
32 34
32 39
32 42
32 54
32 73
32 80
32 87
32 88
32 93
32 99
32 109
32 122
32 151
32 188
32 336
32 365
32 400
32 418
32 515
32 517
32 577
32 591
32 593
32 674
32 783
32 860
32 867
32 1066
32 1161
32 1164
32 1250
32 1284
32 1400
34 35
35 47
35 52
35 53
35 58
35 60
35 61
35 63
35 66
35 69
35 73
35 76
35 80
35 82
35 86
35 87
35 93
35 95
35 101
35 102
35 109
35 111
35 117
35 121
35 125
35 126
35 135
35 140
35 153
35 159
35 163
35 166
35 176
35 196
35 197
35 203
35 211
35 215
35 217
35 220
35 221
35 223
35 224
35 227
35 228
35 229
35 230
35 251
35 252
35 253
35 254
35 261
35 267
35 277
35 288
35 291
35 307
35 335
35 346
35 347
35 352
35 353
35 357
35 361
35 364
35 365
35 366
35 376
35 379
35 388
35 398
35 405
35 407
35 408
35 412
35 425
35 435
35 436
35 437
35 453
35 456
35 466
35 473
35 475
35 478
35 485
35 486
35 487
35 490
35 504
35 513
35 514
35 516
35 523
35 532
35 551
35 553
35 555
35 558
35 560
35 565
35 569
35 570
35 572
35 575
35 578
35 579
35 581
35 590
35 592
35 594
35 595
35 597
35 599
35 608
35 613
35 628
35 631
35 633
35 643
35 644
35 647
35 666
35 667
35 668
35 671
35 676
35 678
35 682
35 709
35 732
35 737
35 741
35 743
35 746
35 748
35 749
35 752
35 755
35 759
35 763
35 764
35 765
35 766
35 767
35 769
35 771
35 782
35 787
35 788
35 792
35 794
35 795
35 796
35 799
35 804
35 806
35 807
35 810
35 811
35 812
35 843
35 847
35 851
35 853
35 855
35 857
35 858
35 859
35 863
35 868
35 870
35 873
35 875
35 876
35 880
35 881
35 915
35 917
35 918
35 924
35 936
35 937
35 938
35 944
35 946
35 947
35 948
35 950
35 958
35 959
35 960
35 961
35 963
35 1023
35 1045
35 1047
35 1048
35 1049
35 1051
35 1052
35 1054
35 1056
35 1058
35 1059
35 1061
35 1062
35 1063
35 1065
35 1068
35 1071
35 1072
35 1074
35 1075
35 1080
35 1086
35 1088
35 1092
35 1096
35 1097
35 1098
35 1099
35 1100
35 1101
35 1102
35 1104
35 1105
35 1107
35 1110
35 1117
35 1119
35 1120
35 1129
35 1137
35 1141
35 1147
35 1148
35 1149
35 1152
35 1153
35 1156
35 1165
35 1168
35 1170
35 1173
35 1176
35 1180
35 1185
35 1187
35 1192
35 1193
35 1196
35 1197
35 1198
35 1199
35 1201
35 1202
35 1207
35 1210
35 1213
35 1214
35 1217
35 1219
35 1220
35 1223
35 1225
35 1226
35 1228
35 1230
35 1231
35 1236
35 1239
35 1242
35 1243
35 1245
35 1247
35 1248
35 1249
35 1251
35 1253
35 1256
35 1262
35 1264
35 1266
35 1268
35 1269
35 1271
35 1275
35 1278
35 1281
35 1282
35 1283
35 1286
35 1288
35 1291
35 1292
35 1293
35 1294
35 1295
35 1297
35 1298
35 1300
35 1301
35 1302
35 1303
35 1306
35 1308
35 1317
35 1318
35 1319
35 1322
35 1326
35 1328
35 1331
35 1332
35 1333
35 1334
35 1336
35 1337
35 1339
35 1341
35 1344
35 1345
35 1347
35 1349
35 1351
35 1353
35 1355
35 1356
35 1367
35 1369
35 1371
35 1372
35 1373
35 1374
35 1375
35 1376
35 1377
35 1378
35 1382
35 1385
35 1389
35 1390
35 1393
35 1395
35 1396
35 1398
35 1399
35 1401
35 1403
35 1405
35 1406
35 1407
35 1408
35 1410
35 1411
35 1412
35 1415
35 1416
35 1417
35 1419
35 1420
35 1421
35 1422
35 1427
35 1429
35 1430
35 1431
35 1432
35 1434
35 1436
35 1437
35 1438
35 1439
35 1441
35 1444
35 1445
35 1446
35 1447
35 1448
35 1450
35 1452
35 1454
35 1456
35 1457
35 1458
35 1459
35 1460
35 1461
35 1462
35 1463
35 1464
35 1467
36 37
36 38
37 38
38 101
38 354
38 387
38 607
38 844
38 845
38 1067
38 1094
41 42
41 43
42 51
42 715
42 738
42 758
42 1163
43 105
43 172
43 376
43 715
43 750
43 758
45 46
45 47
46 1136
47 82
47 84
47 393
47 623
47 633
47 666
47 737
47 747
47 752
47 763
47 764
47 844
47 864
47 915
47 923
47 951
47 1048
47 1049
47 1093
47 1096
47 1097
47 1098
47 1099
47 1115
47 1132
47 1137
47 1147
47 1148
47 1150
47 1154
47 1158
47 1172
47 1175
47 1184
47 1259
47 1264
47 1267
47 1268
47 1275
47 1320
47 1334
47 1394
47 1411
47 1425
47 1429
47 1456
49 50
50 95
50 104
50 147
50 642
51 1010
52 53
53 82
53 229
53 230
54 55
55 572
56 57
56 58
58 90
58 206
58 680
59 60
59 61
59 269
60 269
60 270
60 300
60 754
60 1424
61 98
61 123
61 161
61 179
61 218
61 221
61 357
61 413
61 424
61 586
61 634
61 760
61 775
62 63
63 101
63 104
63 157
63 167
63 284
63 373
63 374
68 672
68 1391
70 563
72 73
73 1229
77 78
78 126
78 127
78 165
78 222
78 287
78 705
78 824
79 80
80 95
80 916
80 949
80 1050
80 1222
80 1227
81 82
81 83
82 99
82 101
82 115
82 144
82 159
82 239
82 267
82 268
82 275
82 305
82 335
82 375
82 421
82 425
82 435
82 477
82 478
82 518
82 528
82 549
82 601
82 604
82 692
82 740
82 756
82 761
82 789
82 812
82 893
82 948
82 960
82 962
82 970
82 1031
82 1162
82 1302
82 1357
83 477
84 85
87 88
87 768
88 458
88 471
88 563
88 564
88 570
88 1054
88 1076
88 1254
88 1285
88 1290
88 1340
92 93
94 95
95 101
95 132
95 133
95 219
95 287
95 365
95 437
95 461
95 478
95 488
95 505
95 590
95 755
95 877
95 958
95 1022
95 1041
95 1045
95 1057
95 1061
95 1063
95 1119
95 1125
95 1129
95 1195
95 1205
95 1220
95 1246
95 1342
95 1358
96 97
97 125
97 154
97 181
97 182
97 183
97 186
97 187
97 200
97 233
97 257
97 308
97 309
97 311
97 313
97 315
97 316
97 318
97 319
97 328
98 99
99 108
99 160
99 164
99 166
99 167
99 213
99 260
99 421
99 709
99 760
99 884
100 101
100 475
101 121
101 131
101 136
101 137
101 151
101 156
101 307
101 336
101 373
101 418
101 478
101 516
101 563
101 849
101 929
101 1044
101 1082
101 1085
101 1116
101 1133
101 1252
101 1258
101 1296
101 1299
101 1359
101 1373
101 1376
101 1420
101 1434
101 1436
101 1439
107 108
107 109
107 110
107 697
107 698
108 144
108 179
108 188
108 194
108 197
108 208
108 238
108 241
108 261
108 265
108 382
108 421
108 465
108 687
109 179
109 194
109 265
109 382
109 465
109 687
114 115
114 116
114 117
114 118
114 119
115 119
115 448
116 425
117 483
117 585
118 230
119 604
120 121
120 122
121 122
122 1122
125 126
125 127
125 289
125 416
125 444
125 460
125 481
125 583
125 939
125 967
125 1055
125 1083
125 1253
125 1282
125 1301
125 1405
125 1407
126 144
126 164
126 166
126 208
126 209
126 230
126 232
126 261
126 281
126 286
126 287
126 290
126 349
126 351
126 378
126 405
126 449
126 464
126 470
126 507
126 508
126 530
126 540
126 684
126 689
126 691
126 692
126 694
126 702
126 706
126 708
126 711
126 719
126 822
126 832
126 991
127 144
127 164
127 165
127 189
127 190
127 221
127 222
127 230
127 232
127 261
127 287
127 329
127 351
127 381
127 506
127 510
127 511
127 512
127 546
127 685
127 690
127 693
127 819
127 829
127 842
127 965
127 977
127 980
127 987
127 990
127 994
127 999
127 1005
127 1012
127 1013
127 1316
132 272
132 472
135 783
136 156
136 288
136 619
136 849
136 930
136 940
136 956
136 957
136 1142
136 1317
137 805
139 140
140 389
140 846
140 917
140 933
140 1131
140 1224
140 1265
140 1327
141 142
142 514
143 144
144 166
144 199
144 281
144 290
144 329
144 351
144 367
144 375
144 405
145 146
146 262
146 297
146 1046
146 1161
146 1250
147 478
147 850
148 149
149 200
149 204
150 151
152 153
153 159
153 160
153 247
153 249
153 1274
155 156
156 170
156 1121
156 1161
156 1426
158 159
158 160
158 161
159 214
159 246
159 248
159 256
159 476
159 729
159 1127
160 175
160 213
160 248
160 254
160 953
160 1091
160 1113
160 1114
161 230
161 255
161 1126
162 163
163 370
164 166
164 209
164 225
164 261
164 286
164 287
164 349
164 405
164 410
164 450
164 466
164 474
164 507
164 508
164 532
164 536
164 545
164 707
164 831
164 966
164 970
164 972
164 997
164 1001
165 190
165 209
165 222
165 230
165 282
165 286
165 287
165 289
165 290
165 379
165 410
165 449
165 466
165 474
165 506
165 507
165 512
165 528
165 532
165 536
165 545
165 546
165 620
165 676
165 684
165 691
165 692
165 693
165 709
165 719
165 822
165 829
165 831
165 970
165 1004
166 193
166 222
166 224
166 225
166 232
166 261
166 279
166 281
166 285
166 329
166 351
166 379
166 470
166 492
166 508
166 512
166 530
166 533
166 618
166 676
166 692
166 815
166 822
166 824
166 830
166 987
166 1013
166 1015
166 1017
166 1312
175 176
176 791
176 962
176 1040
176 1162
177 178
178 556
178 616
180 181
184 185
188 244
189 190
189 985
189 1309
190 209
190 222
190 286
190 474
190 537
190 550
190 686
190 688
190 692
190 709
190 814
190 817
190 823
190 831
190 965
190 970
190 984
190 990
190 998
190 1005
192 193
192 194
193 831
193 842
194 348
194 701
194 840
194 983
198 199
199 343
200 321
202 203
203 477
203 596
203 716
203 778
203 793
203 808
203 961
203 1154
203 1165
203 1393
203 1397
203 1441
203 1462
207 208
207 209
208 234
208 258
208 259
208 263
208 358
208 820
209 222
209 478
210 211
211 1025
211 1035
212 213
213 424
213 884
213 896
214 215
215 251
215 252
215 477
215 729
215 740
215 756
215 879
215 1260
221 357
221 379
221 391
221 555
221 799
221 829
221 852
222 286
222 287
222 289
222 290
222 449
222 462
222 493
222 506
222 528
222 532
222 545
222 546
222 676
222 684
222 711
222 719
222 821
223 654
224 225
225 287
225 618
226 227
226 228
227 1438
228 1325
229 230
229 1124
229 1135
229 1343
230 275
230 395
230 449
230 469
230 522
230 601
230 604
230 665
230 688
230 709
230 719
230 773
230 807
230 905
230 909
230 1047
230 1178
231 232
233 314
235 236
236 395
236 507
236 551
236 594
236 709
236 847
236 952
236 1058
236 1062
236 1334
236 1466
238 239
239 550
239 667
240 241
241 244
241 292
241 294
241 295
241 296
241 339
241 340
241 383
241 384
241 385
241 401
241 410
241 411
241 415
242 243
243 293
243 296
243 337
243 402
250 251
251 253
251 756
251 789
251 791
251 879
251 934
251 1127
251 1260
252 756
252 1023
253 756
253 1126
254 255
254 552
254 756
254 1060
256 953
256 1157
260 261
260 966
261 286
261 378
261 541
261 542
261 676
261 690
261 691
261 694
261 702
261 713
261 812
261 817
261 965
261 1004
266 267
267 360
267 391
267 452
267 469
267 692
267 774
267 964
267 1080
267 1166
267 1180
267 1189
267 1208
267 1278
267 1346
268 489
268 638
268 661
268 663
268 885
268 1024
268 1039
274 275
275 600
275 606
275 1036
275 1038
276 277
276 993
278 279
279 536
281 282
281 406
281 700
282 287
284 672
286 287
286 509
286 831
286 984
286 1309
287 289
287 290
287 351
287 465
287 506
287 536
287 831
287 972
287 997
287 1013
288 852
289 378
289 968
290 291
290 342
290 543
290 686
290 830
290 976
291 366
291 527
291 539
291 1428
295 338
298 303
299 350
300 350
300 1107
301 798
302 331
303 1103
304 305
305 351
305 504
305 699
306 307
307 1338
320 321
321 322
321 323
321 324
321 325
321 326
321 327
329 494
329 495
329 496
329 497
329 498
329 499
329 500
329 501
329 502
329 503
329 710
329 1019
329 1310
331 332
332 595
334 831
341 342
344 345
347 451
349 376
352 353
352 669
353 721
356 357
357 673
358 359
359 689
359 986
360 361
361 558
361 1204
361 1384
363 516
366 469
366 670
366 786
366 799
366 1174
366 1212
366 1217
368 467
368 987
369 370
371 372
372 970
376 449
376 461
376 601
376 620
376 774
378 379
379 410
379 695
379 1006
379 1007
379 1315
385 403
390 391
391 612
391 1193
391 1275
392 393
394 395
395 554
396 1086
397 398
398 399
399 400
404 405
408 409
409 478
409 720
409 741
409 761
409 793
409 859
409 898
409 1130
409 1228
409 1354
409 1435
410 512
410 529
410 1312
412 1414
413 524
413 525
413 860
416 1162
417 418
417 419
417 482
418 419
418 482
418 770
418 922
418 1064
418 1203
420 421
421 422
421 426
421 427
421 428
421 430
421 431
421 432
421 433
421 443
422 423
422 424
422 425
422 426
422 430
422 432
422 1029
423 425
424 430
424 438
424 1027
425 429
425 438
425 439
425 442
425 444
425 447
425 645
425 649
425 651
425 652
425 654
425 655
425 657
425 662
425 889
425 907
428 429
428 430
429 437
429 887
432 445
434 435
434 436
434 437
435 439
435 440
435 645
435 653
437 439
437 440
437 652
437 653
437 657
437 889
438 571
438 656
438 1027
439 1028
440 441
441 512
441 646
444 460
444 1028
447 448
448 627
449 450
453 1332
455 456
455 457
455 458
455 459
458 639
458 717
458 781
458 932
463 557
464 706
464 1020
465 466
466 643
466 686
466 689
466 965
466 972
466 990
468 469
468 470
469 989
473 474
474 510
474 544
474 684
474 966
474 973
474 999
475 739
476 477
477 789
477 934
478 479
478 722
478 723
478 724
478 725
478 727
478 728
478 871
480 481
481 588
485 486
489 490
489 897
490 638
490 660
490 661
490 705
490 885
490 886
490 899
490 900
490 901
490 902
490 903
490 904
490 1024
491 730
491 934
491 962
491 1157
491 1260
505 508
506 507
506 508
506 839
506 988
506 1004
507 508
507 704
507 832
507 838
507 972
507 984
507 1004
507 1316
508 696
508 813
508 822
508 839
508 991
511 512
512 519
512 529
512 659
512 707
512 816
512 819
512 829
512 837
512 841
512 979
512 981
513 514
513 1081
513 1155
514 623
514 757
514 792
514 805
514 913
514 1199
514 1375
518 519
527 528
527 842
528 838
528 1004
529 1006
531 964
532 685
533 618
533 1009
533 1011
533 1315
534 535
535 685
535 812
536 537
536 822
536 833
539 540
539 971
539 1314
541 815
542 709
542 994
542 1009
543 712
545 996
546 547
547 774
548 549
549 982
549 1000
549 1003
549 1311
553 554
554 572
555 1218
556 616
560 615
560 633
562 656
564 565
565 751
565 1290
566 894
568 569
572 609
572 769
572 1177
576 577
576 578
577 630
577 784
578 630
578 784
580 581
581 1078
581 1179
582 583
582 906
584 585
588 589
591 592
592 639
592 753
592 1257
596 597
600 601
601 606
601 1036
603 604
603 883
608 609
609 705
611 637
611 638
613 1396
615 633
617 1131
627 628
633 1183
633 1388
634 635
637 638
640 856
640 1392
641 1244
643 898
643 1055
643 1058
643 1341
643 1355
643 1389
646 647
646 650
647 655
648 649
654 888
654 889
658 659
663 910
664 1032
664 1033
664 1034
665 894
667 1043
671 1085
673 1194
674 675
674 942
675 721
677 678
678 679
681 682
681 683
684 970
685 1012
687 993
690 691
691 703
691 823
692 990
692 1008
692 1313
693 694
695 696
703 704
703 974
705 718
705 1079
705 1277
709 826
709 1011
711 827
716 775
720 721
721 726
721 845
721 924
729 730
737 1106
742 743
747 1136
752 1348
752 1362
755 756
755 793
755 912
755 1354
757 1215
759 1212
762 1151
767 1361
773 774
774 937
776 777
776 1053
776 1069
776 1139
778 1159
779 780
780 1069
781 782
785 1153
786 801
799 874
803 1381
808 1133
812 1005
813 814
815 816
817 818
819 822
822 987
822 1314
824 834
825 826
827 828
827 1021
831 840
831 986
832 966
834 835
835 978
836 837
839 1037
851 852
852 853
852 913
852 945
852 1041
852 1093
852 1115
852 1123
852 1169
852 1182
852 1183
852 1211
852 1246
852 1306
852 1364
856 1135
856 1252
858 859
864 1255
883 884
888 907
892 893
892 895
893 894
894 895
896 1022
897 898
897 1030
898 905
908 909
914 915
923 1043
924 1104
926 927
926 944
928 929
928 930
932 1468
937 938
937 1357
937 1365
944 1128
948 949
951 1451
967 968
967 969
969 1001
972 973
975 976
978 1002
980 1016
983 984
984 992
985 995
1002 1018
1004 1021
1014 1015
1050 1227
1079 1349
1090 1095
1093 1304
1098 1392
1099 1465
1102 1103
1109 1403
1110 1245
1110 1418
1115 1469
1122 1123
1140 1141
1171 1206
1185 1186
1232 1406
1236 1237
1246 1304
1259 1417
1289 1338
1345 1346
1352 1363
1352 1383
